function Sr=GetReducedComplianceTensor(S)
% S is the 3x3x3x3 tensor/matrix
% Sr is the 6x6 tensor/matrix

Sr=[S(1,1,1,1) S(1,1,2,2) S(1,1,3,3) 2*S(1,1,2,3) 2*S(1,1,1,3) 2*S(1,1,1,2);
    S(2,2,1,1) S(2,2,2,2) S(2,2,3,3) 2*S(2,2,2,3) 2*S(2,2,1,3) 2*S(2,2,1,2);
    S(3,3,1,1) S(3,3,2,2) S(3,3,3,3) 2*S(3,3,2,3) 2*S(3,3,1,3) 2*S(3,3,1,2);
    2*S(2,3,1,1) 2*S(2,3,2,2) 2*S(2,3,3,3) 4*S(2,3,2,3) 4*S(2,3,1,3) 4*S(2,3,1,2);
    2*S(1,3,1,1) 2*S(1,3,2,2) 2*S(1,3,3,3) 4*S(1,3,2,3) 4*S(1,3,1,3) 4*S(1,3,1,2);
    2*S(1,2,1,1) 2*S(1,2,2,2) 2*S(1,2,3,3) 4*S(1,2,2,3) 4*S(1,2,1,3) 4*S(1,2,1,2);];