function Cr=GetReducedElasticTensor(C)
% C is the 3x3x3x3 tensor/matrix
% Cr is the 6x6 tensor/matrix

Cr=[C(1,1,1,1) C(1,1,2,2) C(1,1,3,3) C(1,1,2,3) C(1,1,1,3) C(1,1,1,2);
    C(2,2,1,1) C(2,2,2,2) C(2,2,3,3) C(2,2,2,3) C(2,2,1,3) C(2,2,1,2);
    C(3,3,1,1) C(3,3,2,2) C(3,3,3,3) C(3,3,2,3) C(3,3,1,3) C(3,3,1,2);
    C(2,3,1,1) C(2,3,2,2) C(2,3,3,3) C(2,3,2,3) C(2,3,1,3) C(2,3,1,2);
    C(1,3,1,1) C(1,3,2,2) C(1,3,3,3) C(1,3,2,3) C(1,3,1,3) C(1,3,1,2);
    C(1,2,1,1) C(1,2,2,2) C(1,2,3,3) C(1,2,2,3) C(1,2,1,3) C(1,2,1,2);];